49 37 39 45 44 49 47 51 42 45 43 43 43 44 45 59 47 46 46 46 49 46
46 50 48 48 53 54 52 50 41 49 46 46 43 50 42 54 46 54 45 42 39 38 37
52 45 51 41 46 42 41 43 44 39 52 43 45 55 42 53 55 48 46 46 46 49
49 48 46 47 50 48 45 42 45 42 39 40 50 51 48 47 41 45 43 45 44 42 47
45 45 47 44 51 48 41 44 39 43 42 39 44 38 44 40 44 46 42 45 49 47 47 43 42 42 41 48
56 48 51 46 42 49 52 43 38 39 46 40 38 39 46 50 53 52 44 40 39 48 49 47
40 44 41 43 42 40 46 36 43 47 50 44 44 42 50 49 52 50 50 48 49 55
56 53 53 47 47 52 54 51 46 50 43 49 58 45 45 45 49 40 48 39 43 51 57 52 51 49 51
40 37 43 36 43 44 44 45 49 48 46 46 48 60 47 42 41 48 40 38 36 36 51 50 48 48
54 47 46 45 44 48 47 39 39 39 45 44 38 35 44 34 43 40 37 43 41 40 41 40 44 51 48 46
51 53 48 51 50 51 48 45 47 53 61 42 38 45 50 44 44 45 43 44 53 55 48 51 45 48 45 55 46 52
56 54 52 54 49 49 56 49 57 48 56 50 42 45 49 47 46 44 47 39 37 41 44
40 41 38 33 45 61 47 48 55 44 47 53 46 41 42 41 40 51 49 48 47 44 45 41 58
55 51 54 44 53 43 45 45 45 44 44 51 50 47 46 58 73 54 48 53 56 45 39 38
44 43 41 45 54 37 32 50 46 43 44 44 42 69 52 53 43 43 35 40 40
45 44 47 48 47 47 48 52 57 53 50 50 49 51 44 44 45 40 42 46 47
53 45 45 46 43 50 41 44 40 50 44 29 31 52 49 36 38 39 36 33 49
48 48 42 41 44 49 47 48 44 43 39 61 40 48 55 42 52 41 39 44 40 39 55
47 56 42 40 38 45 35 34 34 35 32 27 29 40 62 57 49 47 45 40 45 45
29 30 31 26 17 50 38 40 40 45 18 15 42 37 48 48 46 41 42 41 53
57 55 103 52 49 49 54 47 55 47 50 46 50 43 51 46 44 41 41 82 61
54 47 48 48 44 50 44 42 43 47 48 45 44 44 43 43 42 53 41 43 51
42 38 40 42 48 44 42 49 42 40 40 41 42 47 43 41 51 39 54 47 44
48 45 46 51 46 49 48 48 46 51 43 41 49 41 39 51 38 57 40 41 41 41 48 45
50 50 46 51 40 45 47 48 46 45 44 44 42 49 46 52 43 44 45 44 51 46
45 44 43 45 50 49 46 46 43 51 41 49 45 44 43 40 42 41 45 45 44 49 61 48 42 44
49 48 46 52 43 47 53 47 55 43 52 41 49 42 51 49 49 43 45 44 41 45 44 47 44 47 43 37 38
49 44 48 49 57 42 40 47 48 33 48 43 46 55 40 45 41 70 39 62 44 44 42 39 45 42
50 43 44 49 48 52 43 48 47 49 51 35 45 38 47 43 40 39 48 39 51 41 51 39 37 38 38
45 48 50 42 55 61 50 55 51 47 45 48 43 51 44 57 42 53 40 39 48
39 48 40 52 39 35 54 36 40 41 39 57 39 53 54 35 35 35 34 54 34 33 29 27 42
44 42 42 37 37 47 39 49 36 48 31 48 34 55 36 53 47 43 40 54 46 43 47 41 39 57 52
48 50 47 45 43 52 49 46 44 44 45 46 48 50 50 54 55 52 52 53 47 51 46 52
48 46 50 49 40 38 38 44 38 57 39 39 52 49 42 42 39 39 44 45 51 48 43 43 42
45 55 40 43 47 40 42 38 42 37 40 34 42 38 40 45 52 39 39 40 40 41 41 46 45 46 49 41 40 54 50 53 51
52 54 54 54 52 50 46 48 45 48 48 54 39 39 39 43 42 50 40 47 48 48 47 50 46 48
48 54 48 50 51 50 50 55 55 55 55 52 44 41 48 40 40 54 50 55 47 50
46 36 49 45 52 49 44 45 46 43 43 51 52 49 51 45 51 45 43 41 45 44 45 37 45
32 51 52 58 57 44 45 45 56 45 44 43 50 46 46 46 42 49 55 49 53 46 56
50 59 52 53 46 49 51 48 47 46 45 44 42 39 57 50 49 46 52 44 53 53 40 41
39 39 55 30 45 56 56 56 58 43 47 44 45 49 50 47 39 47 48 47 47 52 45 43
54 49 50 49 47 46 48 45 45 49 44 45 43 50 48 51 50 48 47 45 45 50 53 45 45 49 53
51 41 47 45 40 38 55 51 57 50 49 48 46 42 47 36 45 34 28 29 31
52 56 50 50 52 49 51 45 46 59 54 54 49 48 51 50 48 50 41 54 42 38 58 58 58 50 58
50 46 46 46 47 47 47 46 49 54 49 47 49 50 52 43 67 51 45 42 41 54 40
45 40 39 48 51 43 51 46 43 43 48 50 48 40 42 40 39 40 41 46 47
39 37 35 39 35 35 34 53 33 149 55 32 51 50 50 46 48 45 50 47 46 43 52 43
52 42 48 34 40 46 51 48 49 49 45 50 42 41 43 48 41 39 54 46 36 38 43 35 35
51 36 47 37 45 49 38 37 36 45 36 48 35 49 50 38 44 40 44 42 42 41 45 53 57 53
56 53 48 53 42 47 44 47 43 45 45 46 43 49 51 40 37 36 34 51 50 44 49 48 43
45 45 45 43 41 50 40 45 45 56 43 40 41 48 51 50 46 50 48 48 51 53
50 50 49 43 51 42 46 44 40 43 39 33 34 34 55 34 49 46 44 45 40 41 56 53
57 54 51 52 54 53 49 49 30 47 45 49 39 45 44 43 45 50 44 44 45 45 51
48 53 49 49 48 47 46 44 46 47 43 44 56 52 50 52 50 49 49 44 53
55 57 46 49 44 43 48 42 37 39 41 41 40 42 57 44 43 47 47 51 45 61 43 42 41 39 39 41
44 43 44 42 44 51 46 63 46 47 41 41 47 46 57 56 57 44 42 50 51 39 46 42
43 43 45 42 39 37 42 41 48 48 50 47 44 45 45 46 45 42 50 38 50
45 47 46 48 54 48 53 60 50 52 40 59 41 52 53 42 48 47 47 46 48 52 49 46 63 48 63
52 46 41 42 39 38 45 43 45 45 45 50 41 43 41 45 47 50 42 42 47 44
41 42 38 39 38 62 46 49 51 53 64 50 48 47 48 43 44 43 43 42 36 45 45 49 45 44 46
48 52 52 37 50 57 46 43 44 42 41 40 44 39 39 36 42 43 42 42 41 44 45 51 50
46 47 46 46 42 44 48 40 46 48 45 42 44 59 62 55 58 50 49 56 51 52 50 49 46 50
49 49 44 48 48 49 54 42 42 40 38 53 35 53 41 50 36 46 37 47 37 37
61 53 49 61 50 52 55 56 46 44 55 43 52 45 47 41 50 42 40 53 38 38 47 37 38 36 49 46
46 54 56 46 43 40 37 39 49 49 51 48 47 44 73 47 45 51 49 62 58
34 33 47 42 42 44 43 42 49 41 40 46 41 49 49 40 50 46 47 56 49 48 55 48 46 47
40 45 46 39 37 44 37 43 50 34 57 42 47 47 42 41 39 42 46 44 44 43 49 50 42 43
50 54 40 43 47 41 59 43 56 43 49 44 49 42 47 42 45 41 44 44 48 54 48
38 49 50 46 45 46 48 34 32 70 32 48 55 36 44 45 43 45 44 44 41 40 39 38 36 38 38 40 40
43 56 48 47 43 45 59 42 49 39 45 48 42 45 43 48 50 46 48 42 57 53 50 51 41
43 48 50 44 46 53 46 55 52 55 48 51 49 47 41 41 47 47 50 44 48 46 47 48 52 56 51
58 58 51 48 54 54 53 50 52 46 50 47 51 46 70 51 48 51 48 55 38 43
35 40 55 50 46 45 43 48 43 42 36 30 29 25 46 44 40 39 33 48 33
47 30 46 36 53 48 49 51 45 42 44 54 45 45 41 46 48 47 45 39 53 49 45 48 41
42 41 41 45 43 40 48 46 45 44 46 52 53 51 49 48 41 49 40 47 44 45 45 46 45 50 38 47
47 42 39 55 38 38 57 48 58 41 50 42 40 48 40 45 46 47 47 48 57 49 45 44 44 47 45
44 47 48 41 49 43 52 43 44 43 44 44 45 48 48 47 44 44 42 48 58 56
50 48 42 48 38 41 42 40 44 39 40 44 43 55 41 52 49 56 48 47 46 55 46 41 66 62 53
51 50 43 47 42 45 47 47 44 47 40 58 38 39 38 49 52 56 53 49 48
38 42 37 36 36 35 54 54 46 46 46 43 42 40 51 43 49 40 46 42 54 46 39 36 39 51 48 39
58 48 53 49 45 48 48 48 47 54 49 58 60 56 58 47 45 48 58 45 51 42
49 46 50 47 48 44 44 41 37 47 46 47 54 43 49 22 59 40 40 42 51
59 47 51 49 48 46 40 48 44 58 66 38 43 42 47 47 46 47 56 52 47
42 48 48 46 43 45 62 52 59 50 50 56 55 56 53 50 63 49 47 50 41 41
48 52 52 47 53 45 46 48 50 48 50 52 49 48 51 53 47 49 56 56 65 48 52 43 43 50 53 51
62 48 47 50 50 48 51 46 43 55 50 46 50 40 39 38 38 46 53 51 47 44 38 43 42 42
51 42 47 44 49 37 46 35 50 35 36 45 44 39 42 46 45 46 46 40 45 41 42 46 40 46 39 39 43 41 42 40 40 39 57 52
49 53 46 48 42 53 52 57 49 47 53 56 52 62 61 52 62 49 54 53 53 47 46 51
44 55 51 44 44 50 47 52 52 49 42 45 38 40 36 44 40 45 38 39 48 42 50 40 46 42 46 44 51 43 55 42 47 47 46
47 56 48 51 52 49 40 45 46 51 49 48 47 45 47 60 47 48 50 50 47 45 44 45 47 44
39 40 47 53 43 51 43 55 47 48 48 59 48 50 46 46 49 47 42 47 42 45
78 69 55 50 49 49 49 48 39 50 40 47 38 36 34 45 31 44 45 29 45 44 42 56 40 38 44
32 33 32 55 49 42 49 41 41 41 36 36 41 39 49 41 42 47 44 53 46 47
47 41 45 42 41 40 39 61 39 35 43 46 41 40 39 38 36 47 41 47 34 46 29 45 31 43 46 46 53 41 51 44 33 45
58 47 44 41 39 49 37 41 40 42 41 50 48 50 50 49 54 38 57 51 49 51 45
46 44 48 48 50 37 36 54 55 49 46 43 57 42 49 44 45 45 49 41 46 41 50 42
47 52 63 60 50 58 53 50 50 51 45 48 40 37 49 38 36 45 39 36 34 50 34 33 73 42 36 32 31 32 49 39 49 38 64 47 37
48 44 41 46 46 41 41 41 51 37 51 53 35 34 36 51 49 53 50 52 43 53 53 51 49 46 54 47
48 43 45 42 46 41 37 48 34 33 41 40 56 39 39 54 52 33 42 41 42 37
49 52 51 50 51 50 44 45 40 37 49 34 33 35 34 37 43 37 47 38 36
35 49 35 48 53 34 33 36 34 32 33 38 35 32 30 52 48 43 46 66 42 44 61 52 51 55 56
46 52 49 53 52 47 47 42 39 34 56 43 54 39 39 48 37 47 43 46 49 42 39 36 62 55 42
37 47 42 39 42 43 49 47 46 51 53 51 52 49 48 46 51 44 46 52 44 50 52 52
47 43 59 45 57 46 47 48 45 48 49 46 41 52 47 45 44 44 42 42 38 34 38 45
50 46 61 49 49 51 46 48 49 51 50 44 49 42 50 50 36 50 33 46 50 31 29
52 55 47 47 46 47 44 51 40 52 50 52 52 46 52 44 41 49 48 46 45 42 48 56 61 60 64 51
49 57 54 47 51 52 48 42 45 55 39 47 46 47 45 46 45 45 44 44 42 39 38
37 35 35 49 48 51 48 47 51 46 49 54 48 47 50 49 47 48 47 49 53 50 54 55 56 46 47 49
45 50 54 54 52 45 47 37 52 53 52 41 41 52 42 50 41 48 39 47 42 44
64 53 42 40 39 41 38 44 37 39 43 43 46 48 49 48 48 48 47 48 42 42
41 46 45 49 49 44 52 39 49 40 48 49 45 52 44 52 54 35 52 50 51 66 65 55
52 59 48 43 39 39 37 36 38 37 40 37 44 49 36 36 36 38 49 46 46 52 50 49 51 48 47
53 55 55 50 57 46 55 56 51 55 51 51 46 43 42 46 47 48 49 52 53 47 47 50 49 47 44
55 53 54 57 52 56 48 54 44 47 46 45 43 46 47 46 44 46 48 50 52 45 41 41 46 44 45 45 41
41 50 40 41 51 44 47 39 40 40 38 38 42 40 51 42 44 40 53 37 34 45 33 45 34 45 49 36 45 32
42 39 46 48 47 46 53 39 41 40 39 45 44 45 50 42 54 49 43 50 38 39 44 43 44 47 47 43
40 40 37 36 47 33 48 46 48 42 42 45 46 46 44 45 39 43 37 36 44
42 40 43 50 43 49 53 41 54 38 50 36 54 37 36 51 35 34 53 57 59 54 56 49 44
51 52 49 49 43 39 38 36 37 35 44 50 40 39 49 53 41 45 48 45 47 42 56 35 55 34 35
54 46 44 54 50 49 49 46 43 45 43 43 50 51 48 51 41 50 50 52 38 41 40
39 41 56 51 55 52 49 44 48 42 70 44 42 46 41 48 48 48 34 50 53 45 39 48 46 49 44 49 58 55 58
70 53 40 53 59 52 58 53 53 52 55 48 44 51 47 45 45 50 47 43 47 48 56 45
44 44 46 46 48 46 47 45 52 49 41 49 48 46 49 47 48 51 46 45 51 62
47 44 43 47 51 46 52 46 58 47 56 42 41 54 40 39 47 44 41 41 38 53 52 57
28 46 46 31 32 37 37 41 37 47 38 44 48 36 47 38 36 43 48 37 48 48 49 49 52 53 45 44
42 45 44 42 41 45 45 41 42 41 55 45 44 49 38 39 35 50 57 34 33
47 44 45 48 45 41 56 35 34 38 36 33 31 37 40 40 42 40 40 38 38 35 60 35
54 51 52 52 46 45 46 46 46 42 38 42 43 42 41 44 40 41 48 50 47 46 45 44 58 46 54 42 42 38
48 59 57 54 52 51 51 46 40 47 50 42 40 48 47 42 56 42 44 60 53 51 51 44 49 55 52
53 43 41 75 40 60 41 35 31 34 48 50 48 51 54 46 66 48 52 48 53 42 43 51 43 44 43
44 47 53 46 46 47 43 42 51 43 41 43 44 44 47 43 50 45 58 44 45 48
59 56 54 54 53 45 57 51 49 49 66 49 44 57 57 47 48 51 53 54 49 47
50 42 54 49 51 49 44 42 56 53 49 50 44 42 51 52 49 43 41 51 47 47 46
73 55 48 49 52 55 44 44 39 36 40 42 40 42 50 47 49 50 55 45 42 45 46 45
40 46 43 48 50 47 51 46 50 45 43 43 48 48 48 53 46 47 48 42 73 55 54 51 51 51
48 43 45 43 47 48 45 40 53 40 47 41 42 47 43 47 45 51 38 47 54 42 45
49 48 51 49 49 52 54 55 56 58 56 44 51 40 47 42 43 45 45 43 42 44 43 35 47 45 37 46 44 43 39 39 39 52
60 66 45 49 48 37 49 39 36 48 50 51 50 50 51 51 46 45 48 45 48 46 45
49 57 49 53 57 51 52 53 49 51 44 45 43 44 50 38 52 43 47 47 43 45 44
55 47 52 44 40 54 36 52 51 47 46 49 50 48 46 46 48 47 51 44 46 47 55 51 45 42
36 36 44 44 45 45 44 42 42 44 45 43 43 38 58 57 37 46 59 51 51
50 48 45 50 43 46 42 37 42 39 39 43 40 42 40 54 53 40 39 46 44 46 50 47 49 50 48 45 42
41 34 41 42 43 46 47 47 55 48 47 47 59 45 44 47 50 56 50 47 42 58 43
37 40 39 43 40 41 44 38 42 40 42 42 41 46 44 38 38 57 52 52 47 47 47
48 45 48 48 48 44 47 48 47 43 51 50 46 45 53 52 41 41 38 50 56 44 43 41 47
45 37 44 54 44 50 45 54 50 46 47 50 44 44 44 43 55 38 39 38 34 51
54 52 50 48 52 49 52 47 54 44 51 45 50 51 48 54 47 46 55 55 57 64
54 50 47 51 46 48 45 50 51 41 44 39 47 43 42 56 38 35 33 40 39 39 44
48 46 45 47 48 49 48 52 49 49 46 45 66 43 43 42 47 50 45 41 39 39 38 37 44
45 44 45 46 46 45 46 43 42 45 40 40 45 47 44 44 45 45 41 49 42 38 38 40 49 47
59 49 49 48 48 48 43 44 49 46 44 44 37 40 42 33 66 31 84 29 28 55
51 41 39 39 43 40 44 46 42 42 56 42 54 52 49 60 40 56 40 42 58 47 55 45 43 51
49 48 48 47 50 42 43 48 43 46 45 46 41 54 54 51 46 50 48 50 47 47 37
47 45 42 42 49 48 43 42 43 45 43 45 49 50 47 48 49 52 63 56 45
51 44 40 37 45 38 48 38 49 36 48 47 50 50 49 39 45 45 46 43 44 46 53 50 53
51 54 54 51 49 54 43 49 49 46 40 46 39 48 48 48 51 40 41 40 40 40 41
48 43 42 39 46 40 54 50 39 46 48 47 43 47 52 46 43 49 49 47 47
47 52 45 44 47 45 51 50 56 54 53 46 46 51 54 47 38 53 43 49 39 38 47 37 48 38 36 46 38 34 37 46
46 45 34 35 48 38 45 46 46 45 40 40 48 39 44 46 46 53 46 51 48 45
46 39 62 42 43 39 37 48 43 48 49 37 57 34 51 49 53 52 50 47 49 49 56 50 54 45
40 43 42 42 41 40 43 47 51 44 51 39 51 45 57 47 45 47 49 42 49 44 42 42 39 42 65 44 46
44 54 54 49 49 48 43 43 42 45 42 41 48 45 45 49 37 40 36 35 39 31 57
50 39 50 39 49 40 45 53 46 49 51 53 43 42 50 44 42 43 44 45 40 63 49 51 86
45 40 50 47 43 45 57 52 53 43 43 45 52 43 46 41 42 46 45 46 44 50 44 46 47 48 42
41 39 47 39 47 45 48 46 47 47 47 50 49 47 61 43 45 46 46 56 48 53
56 85 58 41 51 46 48 42 39 46 38 49 46 43 44 43 42 42 42 42 42 43
46 50 43 48 49 48 51 48 54 45 47 31 25 53 29 43 42 53 46 55 59
52 45 44 46 52 45 42 46 52 53 56 56 48 51 50 49 48 40 51 54 53 49 49 49 42 48
54 50 55 53 51 47 47 45 55 54 53 45 47 49 49 49 52 56 56 57 54 36 43 47 69
52 46 45 43 44 48 41 52 49 38 48 36 37 47 54 45 46 42 41 47 46 41 47 39 46 40 37 51 34 51 48 32 45 30
52 47 43 48 40 49 44 48 49 50 47 54 53 52 46 54 50 46 46 47 46 43 47 47 53
53 59 51 47 45 44 55 51 44 42 46 42 40 38 43 39 37 38 34 33 32 32 41 33
33 28 28 55 28 52 33 51 49 51 50 47 48 45 46 47 50 56 50 48 49 49 56
48 48 48 43 43 37 35 41 37 37 47 50 48 43 41 39 38 38 57 40 46 53 51 45
45 48 47 49 45 41 42 46 40 45 36 47 49 38 44 36 48 36 46 43 46 45 51 5
59 66 50 49 49 52 48 50 60 56 42 42 42 52 52 41 49 48 36 34 61
51 56 42 49 50 45 52 48 48 49 39 40 43 39 44 38 46 35 46 50 51
55 53 51 49 47 41 47 45 49 44 48 46 47 46 45 43 53 46 52 54 51 45 47
40 39 40 51 39 54 55 50 48 41 50 45 42 42 57 42 45 48 44 46 40 53 46 46
